02,03,07,12,20|01,05
06,07,12,22,27|03,05
07,10,11,12,33|03,11
16,22,28,29,32|08,09
06,10,20,28,35|01,10
02,10,21,24,30|08,10
01,16,17,19,33|05,06
01,13,18,29,35|04,09
09,17,19,20,25|01,09
05,16,21,23,34|07,10
01,02,12,15,23|04,06
02,11,15,17,31|07,09
06,12,18,21,35|07,10
03,04,24,26,35|07,08
04,15,18,32,34|04,09
02,06,10,11,20|03,09
06,09,19,22,30|01,06
05,09,11,12,31|07,11
02,03,22,26,31|06,10
02,19,22,25,35|05,07
05,10,13,22,28|01,04
02,24,25,26,34|03,12
04,14,15,32,33|10,11
03,06,10,15,23|03,08
02,03,23,28,35|02,09
01,07,17,23,35|07,11
09,15,19,25,29|08,09
01,12,13,15,30|03,07
11,18,21,25,32|02,04
02,06,21,25,28|02,06
04,12,13,17,18|07,09
05,17,30,34,35|02,09
05,10,11,16,19|01,10
02,03,18,20,27|01,02
07,10,19,26,32|08,12
10,17,30,31,34|03,06
05,10,19,31,32|09,10
04,26,27,30,33|02,09
02,09,17,26,32|04,06
03,11,19,25,27|04,12
11,16,31,33,35|06,08
04,10,21,28,31|08,11
04,06,10,24,28|06,12
01,08,10,20,35|06,11
01,20,21,31,33|03,11
01,20,24,25,31|09,12
02,11,20,22,34|04,12
01,04,12,23,29|05,12
07,11,14,21,29|07,10
03,04,07,12,19|02,05
05,08,22,25,35|02,07
16,19,24,27,33|01,06
05,13,22,28,29|05,11
01,03,06,11,13|03,11
07,18,25,27,33|04,05
10,19,20,23,31|03,07
02,04,06,07,08|03,06
01,05,14,20,30|02,04
08,12,16,21,32|01,12
03,05,13,19,25|02,05
01,08,09,21,22|01,04
16,17,21,28,32|04,07
07,09,19,28,29|08,10
04,07,13,26,28|07,11
05,09,24,29,35|05,12
02,13,16,18,23|03,06
06,12,16,19,31|06,10
04,11,18,20,26|06,12
13,15,22,31,33|05,12
11,21,24,27,28|05,10
17,19,20,23,27|03,08
01,07,20,22,31|07,12
09,12,15,21,32|02,07
02,05,15,17,26|02,08
01,09,16,25,29|04,09
11,22,26,30,33|03,05
04,15,16,20,21|04,05
04,15,17,19,25|06,12
02,20,28,29,30|07,10
02,04,11,25,30|06,12
03,07,14,16,19|01,11
04,05,08,22,35|01,03
02,03,08,09,20|04,10
10,19,21,23,35|04,10
10,17,23,34,35|01,04
05,07,15,18,23|05,10
02,06,08,10,17|05,06
02,27,30,34,35|09,12
01,02,14,30,31|06,09
03,16,23,27,32|03,06
09,10,27,31,32|01,03
01,11,15,17,33|03,11
05,06,08,15,20|07,08
05,13,16,27,33|07,12
01,13,14,22,35|02,05
05,15,25,26,29|04,12
05,06,14,24,25|02,04
07,12,14,29,35|01,11
10,13,14,27,33|07,08
03,04,08,15,21|04,07
10,20,29,30,35|06,09
01,21,23,28,35|07,09
04,12,22,28,30|09,11
04,05,06,26,27|07,12
15,19,22,26,28|02,07
06,07,26,29,30|03,12
18,19,24,27,34|11,12
11,14,21,26,27|02,07
05,06,14,21,22|02,09
04,13,15,20,22|04,08
01,03,10,20,29|06,11
02,04,12,27,35|06,07
02,03,24,30,32|01,06
04,09,17,22,25|01,05
01,05,11,15,33|01,10
05,06,13,23,26|01,06
02,07,08,17,25|01,03
07,16,17,18,28|02,03
01,02,09,23,25|02,06
03,08,18,22,24|01,09
08,16,24,25,34|08,12
02,04,12,31,32|07,11
02,05,09,22,27|10,11
04,08,17,26,30|03,11
05,08,09,11,15|06,08
05,06,23,25,28|06,09
02,09,18,23,27|03,05
07,11,15,26,28|08,10
09,21,23,25,33|03,10
11,15,24,27,30|01,10
03,09,27,30,31|11,12
02,13,24,27,30|01,06
09,10,12,15,23|03,06
01,03,29,30,34|04,12
07,25,27,34,35|09,11
06,11,12,20,35|05,12
05,07,08,16,25|03,11
05,06,18,28,30|02,07
04,06,10,11,25|07,09
07,09,10,15,24|04,12
07,14,23,25,29|02,11
01,13,22,26,31|02,10
06,08,16,20,24|07,08
04,10,18,27,32|10,12
02,24,26,30,34|06,07
04,05,18,22,30|05,12
05,08,13,26,35|05,09
02,16,21,23,27|01,08
02,04,17,20,27|01,08
02,06,07,08,15|07,10
